200
-60 -418
264 225
-208 -205
-29 -119
327 450
397 -171
117 299
-133 -95
115 -401
184 -309
-256 -230
467 -258
494 -371
-169 347
-305 -409
-367 131
-426 -153
253 78
-207 351
-446 -2
359 403
471 313
72 -490
479 348
184 -89
-495 176
-316 80
65 102
-387 -106
21 -82
105 55
325 -242
-276 -63
-409 151
-358 362
438 -9
-83 353
160 139
-254 20
-445 -273
348 112
96 430
-216 498
-119 -455
-496 415
475 -67
421 -164
-482 -163
463 -469
2 194
143 54
302 319
-469 81
-345 -287
498 -342
86 402
-414 13
114 375
-30 -368
-208 -99
355 128
-34 -168
242 -236
-434 -430
-174 -388
-157 156
-412 -161
478 25
471 -308
-392 -299
-276 487
122 179
-476 -340
-7 298
-413 -91
361 375
-192 310
-331 319
-416 -21
148 406
-345 469
-226 88
495 -388
83 142
-87 -93
-123 -453
404 -64
98 239
-365 -36
320 268
-416 -118
431 198
-378 -129
-324 106
259 -388
-75 76
175 26
488 112
-25 3
-417 -436
-146 -152
481 249
-483 -317
-46 -45
215 -190
98 407
327 -23
436 -75
-411 -244
-312 239
-323 -46
-397 -294
-364 -424
408 -440
-368 267
136 60
-225 473
-379 256
-10 473
395 273
-45 395
-464 -71
287 90
333 -251
247 -195
462 -346
333 -112
-280 -35
-138 214
-499 223
-397 -82
-73 218
-282 -265
351 -82
-217 -483
-431 -309
-72 497
187 -23
-292 454
176 -212
-330 81
480 396
59 -191
478 482
174 391
443 -248
345 401
-186 354
-496 215
-220 259
-375 221
17 -245
-249 -115
-212 -137
369 -230
494 -459
388 -497
424 -205
395 8
3 -281
409 171
-259 194
434 -484
-14 400
146 -28
-337 178
-346 436
-138 413
-82 -35
-308 -93
-152 -292
280 182
-308 -8
339 -267
110 -362
-200 427
-390 392
-181 2
232 55
345 334
380 -357
60 -434
403 291
6 451
-178 8
-177 201
-93 -403
-241 -365
125 195
45 490
341 -152
-204 218
-229 333
-462 -290
19 58
-43 491
-82 304
-371 128
-432 330
9 383
